image_width: 640
image_height: 480
camera_name: narrow_stereo
camera_matrix:
  rows: 3
  cols: 3
  data: [651.047909, 0, 317.785604, 0, 648.961907, 244.546667, 0, 0, 1]
distortion_model: plumb_bob
distortion_coefficients:
  rows: 1
  cols: 5
  data: [0.034088, -0.205755, -0.000819, 0.003131, 0]
rectification_matrix:
  rows: 3
  cols: 3
  data: [1, 0, 0, 0, 1, 0, 0, 0, 1]
projection_matrix:
  rows: 3
  cols: 4
  data: [648.529846, 0, 319.250179, 0, 0, 649.761536, 244.354654, 0, 0, 0, 1, 0]