# mono pinhole calibration...
# D = [0.03408831730520363, -0.20575531689406437, -0.0008191090398438051, 0.003130693659856117, 0.0]
# K = [651.0479087746237, 0.0, 317.78560389268455, 0.0, 648.9619070666575, 244.54666683556877, 0.0, 0.0, 1.0]
# R = [1.0, 0.0, 0.0, 0.0, 1.0, 0.0, 0.0, 0.0, 1.0]
# P = [648.5298461914062, 0.0, 319.2501785348959, 0.0, 0.0, 649.7615356445312, 244.35465415484032, 0.0, 0.0, 0.0, 1.0, 0.0]
# None
# oST version 5.0 parameters


[image]

width
640

height
480

[narrow_stereo]

camera matrix
651.047909 0.000000 317.785604
0.000000 648.961907 244.546667
0.000000 0.000000 1.000000

distortion
0.034088 -0.205755 -0.000819 0.003131 0.000000

rectification
1.000000 0.000000 0.000000
0.000000 1.000000 0.000000
0.000000 0.000000 1.000000

projection
648.529846 0.000000 319.250179 0.000000
0.000000 649.761536 244.354654 0.000000
0.000000 0.000000 1.000000 0.000000
